5.040968250000000239e+02
5.051375749999999698e+02
5.041291499999999814e+02
5.050317000000000007e+02
5.050277749999999628e+02
5.040112249999999676e+02
5.050833749999999895e+02
5.041223750000000337e+02
5.051770999999999958e+02
5.040946000000000140e+02
5.052857999999999947e+02
5.043489999999999895e+02
5.052322250000000281e+02
5.044021000000000186e+02
5.052749000000000024e+02
5.052122499999999832e+02
5.053499249999999847e+02
5.053084999999999809e+02
5.053244000000000256e+02
5.054100499999999556e+02
5.053198750000000246e+02
5.054605000000000246e+02
5.053611750000000029e+02
5.043219750000000090e+02
5.044823499999999967e+02
5.043714749999999754e+02
5.043511000000000308e+02
5.052915750000000230e+02
5.042911499999999592e+02
5.053780750000000239e+02
5.043206500000000005e+02
5.045156500000000506e+02
5.054019249999999488e+02
5.043310250000000110e+02
5.053899999999999864e+02
5.054372000000000185e+02
5.043199500000000057e+02
5.054471750000000156e+02
5.053117500000000177e+02
5.054755499999999984e+02
5.051529250000000388e+02
