6.708432205999996513e+06
6.455835164299993776e+06
6.607962182600002736e+06
6.639209967300003394e+06
6.447566924099994823e+06
6.723713602800021879e+06
6.721136459799992852e+06
6.917706506700016558e+06
6.526562097599985078e+06
6.729661623500004411e+06
6.681896852800021879e+06
6.624310563900000416e+06
6.636358769299984910e+06
6.845847967400010675e+06
6.695155713099989109e+06
6.679769482700015418e+06
6.754449350899996236e+06
6.684793334699979052e+06
6.732509448799997568e+06
6.757823163499995135e+06
6.782215007100008428e+06
6.871719445999991149e+06
6.642665384100003168e+06
6.664596249799987301e+06
6.647784529900010675e+06
6.844610864000011235e+06
6.576972701700009406e+06
6.702416052799994126e+06
6.677348415900000371e+06
6.816395637899999507e+06
6.552430690699993633e+06
6.567368711899991147e+06
6.568836368299987167e+06
6.758315201000001281e+06
6.594725611400008202e+06
6.527246860099998303e+06
6.852848958700003102e+06
6.811155849599979818e+06
6.609520737600011751e+06
6.746623167999994010e+06
6.552173412800006568e+06
6.701140671699998900e+06
6.692858341700001620e+06
6.824801041500007734e+06
6.748226174699996598e+06
6.738568683599987067e+06
6.753336661600011401e+06
6.729006188999996521e+06
6.609586336200008169e+06
6.699300359099990688e+06
6.650475231999991462e+06
6.774451667300013825e+06
6.576422529800003394e+06
6.599409563099999912e+06
6.605967478100012988e+06
6.690043807600002736e+06
6.546294676299997605e+06
6.677570407900010236e+06
6.691544749700003304e+06
6.508199378799997270e+06
6.848754363100023940e+06
6.762823555600003339e+06
6.658687139300001785e+06
6.753846640999998897e+06
6.832750269500005990e+06
6.815198428000008687e+06
6.665703568400018848e+06
6.790278144900016487e+06
6.727421718499990180e+06
6.749854479300007224e+06
6.595273164400015958e+06
6.738903965399992652e+06
6.839963984700010158e+06
6.890541239499981515e+06
6.922676658500002697e+06
6.711695200499994680e+06
6.879115367200006731e+06
6.766674884499990381e+06
6.796124302099996246e+06
6.751388973500008695e+06
6.792519054700007662e+06
6.728006243400002830e+06
6.902723713500006124e+06
