1.708965076552307606e+08
1.714999935999746919e+08
1.692228095819549561e+08
1.671985024061040878e+08
1.663255421365771294e+08
1.652777993504271805e+08
1.699655084513826668e+08
1.698804009383721352e+08
1.696171105243010223e+08
1.705014448017934561e+08
1.778518270713921487e+08
1.776332247170080543e+08
1.771947214434187710e+08
1.783439649492949247e+08
1.787846389917041361e+08
1.749521738042458892e+08
1.783823244875331819e+08
1.753913499804940820e+08
1.790057682251949906e+08
1.817616885716456175e+08
1.809152304558828771e+08
1.841031805965079367e+08
1.807779348587751091e+08
1.816203952051744163e+08
1.833482667975457907e+08
1.826419044386788905e+08
1.800618444662986398e+08
1.813349108819712698e+08
1.773407395279467702e+08
1.802915229364806116e+08
1.809929891014444232e+08
1.832784585364554524e+08
1.816754298035172224e+08
1.800889137438268065e+08
1.798194918699913919e+08
1.816000811876085699e+08
1.787553955183481872e+08
1.835868714967730045e+08
1.818195196877554059e+08
1.815406211331495941e+08
1.779414713865233958e+08
